        MLP             SVM             KNN             naiveBayes          Random forest
Media:  0.1737438       0.1600652       0.1980764       0.345656            0.08288097
std:    0.004856549     0.001425835     0.002812693     0.002472948         0.002083058
